101.1544
100.1920
99.9429
98.0050
97.8405
94.8912
93.3914
89.3419
85.0813
65.8610
100.6623
74.4366
70.3710
76.0072
62.2836
62.0480
68.7305
73.7810
60.4810
78.0215
60.3145
59.3368
59.2959
76.6639
58.8836
58.6261
58.5734
58.2338
57.9272
57.8299
57.7848
74.8303
56.8483
56.2527
56.2109
56.1607
56.0937
55.5852
54.7958
40.0935
50.0960
41.2405
38.2550
37.4094
36.7949
36.7162
36.5227
48.0963
36.2710
35.6909
35.3137
34.3922
43.1553
32.7981
32.7628
32.5912
31.1103
49.8909
28.1210
25.3199
25.2539
38.2430
20.0070
