0,1,2,3,4,5,6,7,8,9
0,1,2,3,4,5,6,7,8
0,1,2,3,4,5,6,7,8,9
0,1,2,3,4,5,6,7,8,9
0,1,2,3,4,5,6,7,8,9
0,1,2,3,4,5,6,7,8
0,1,2,3,4,5,6,7,8,9
1,2,3,4,5,6,7,8,9
0,1,2,3,4,5,6,7,8,9
0,1,2,6
3,4,5,6,7,8
0,1,2,3,4,5,6,7,8,9
3,4,6,7,8
3,4,5,6,7,8,9
0,1,2,3,4,5,6,7,8,9
0,1,2,3,4,5,6,7,8,9
3,4,6,7,8
3,4,5,6,7,8,9
0,1,2,3,4,5,6,7,8
0,1,2,6,7,8
0,1,2,3,4,5,6,7,8,9
0,1,2,3,4,5,6,7,8
0,1,2,3,4,5,6,7,8,9
0,1,2,6,7,8
0,1,2,3,4,5,6,7,8,9
0,1,2,3,4,5,6,7,8,9
0,1,2,3,4,5,6,7,8,9
0,1,2,3,4,5,6,7,8,9
0,1,2,3,4,5,6,7,8
0,1,2,3,4,5,6,7,8,9
0,1,2,3,4,5,6,7,8,9
3,4,5,6,7,8
0,1,2,3,4,5,6,7,8,9
0,1,2,3,4,5,6,7,8,9
0,1,2,3,4,5,6,7,8,9
0,1,2,3,4,5,6,7,8,9
0,1,2,3,4,5,6,7,8,9
0,1,2,3,4,5,6,7,8
0,1,2,3,4,5,6,7,8,9
3,4,5
0,1,2,3,4,5,6,7,8,9
0,1,2,3,4,5,6,7,8,9
0,1,2,3,4,5,6
0,1,2,3,4,5,6
0,1,2,3,4,5,6
0,1,2,3,4,5,6
0,1,2,3,4,5,6
3,4,5,6,7,8
0,1,2,3,4,5,6
0,1,2,3,4,5,6
0,1,2,3,4,5,6
0,1,2,3,4,5,6,7,8,9
3,4,5,6,7,8
0,1,2,3,4,5,6
0,1,2,3,4,5,6
0,1,2,3,4,5,6
0,1,2,3,4,5,6
0,1,2
0,1,2,3,4,5,6,7,8,9
0,1,2,3,4,5,6,7,8,9
0,1,2,3,4,5,6,7,8,9
3,4,5
0,1,2,3,4,5,6
