# x y xv yv likelihood flux
41 32 12.4322 15.6665 45.4203 38.3872
41 33 12.4322 15.6665 43.1955 36.5068
40 31 12.4322 15.6665 43.0805 34.0581
39 31 13.9341 14.3471 42.7729 33.815
25 45 16.5067 11.2928 42.0754 47.0417
40 32 12.4322 15.6665 41.3971 32.7273
41 35 15.2968 12.8844 40.561 37.0269
26 45 13.9341 14.3471 40.4371 45.2101
24 44 16.5067 11.2928 40.4285 40.4285
42 36 15.2968 12.8844 40.1041 40.1041
25 43 12.4322 15.6665 40.0306 40.0306
25 44 15.2968 12.8844 39.794 39.794
44 38 16.5067 11.2928 39.7558 44.4484
40 31 16.1619 20.3665 39.7505 36.2871
40 32 16.0243 16.4992 39.4662 36.0275
38 30 13.9341 14.3471 39.3892 29.359
40 32 13.9341 14.3471 39.3377 33.2464
43 37 16.5067 11.2928 39.2819 43.9185
39 30 12.4322 15.6665 39.2602 29.2628
25 44 13.9341 14.3471 39.0768 43.6892
40 33 16.0243 16.4992 39.0759 35.6712
39 30 18.0267 22.7165 38.9792 35.583
41 34 18.1144 18.6513 38.8901 38.8901
41 33 14.297 18.0165 38.8643 35.4781
42 35 15.2968 12.8844 38.7884 38.7884
42 35 13.9341 14.3471 38.6835 35.3131
30 5 12.4322 15.6665 38.6595 27.3364
5 1 12.4322 15.6665 38.6563 27.3341
43 38 16.5067 11.2928 38.6474 43.2091
39 30 16.1619 20.3665 38.5007 32.5391
26 44 12.4322 15.6665 38.4903 43.0335
26 44 13.9341 14.3471 38.4851 43.0277
39 31 16.0243 16.4992 38.4653 32.5091
25 45 17.5914 14.817 38.4514 42.99
44 37 13.9341 14.3471 38.4339 42.9704
25 44 16.0243 16.4992 38.4116 42.9454
25 44 17.5914 14.817 38.4064 42.9397
26 45 16.5067 11.2928 38.2787 42.7968
40 30 12.4322 15.6665 38.1939 30.1949
41 31 12.4322 15.6665 38.1494 32.2421
41 35 17.5914 14.817 38.0323 38.0323
39 32 13.9341 14.3471 38.0273 30.0632
6 1 12.4322 15.6665 37.9229 26.8155
39 30 19.6013 3.97339 37.8828 34.5821
39 30 19.1067 5.9104 37.8261 34.5303
38 31 13.9341 14.3471 37.8259 28.1937
26 45 17.5914 14.817 37.739 42.1935
39 31 20 0 37.7091 34.4235
42 37 17.5517 9.58851 37.648 37.648
40 32 16.1619 20.3665 37.6396 34.3601
25 45 17.5517 9.58851 37.5922 37.5922
41 33 18.1144 18.6513 37.5803 37.5803
41 34 13.9341 14.3471 37.5724 31.7545
41 32 14.297 18.0165 37.5159 34.2472
24 44 15.2968 12.8844 37.5041 37.5041
43 38 17.5517 9.58851 37.3471 41.7554
26 46 17.5517 9.58851 37.3361 41.743
31 5 23 0 37.2789 27.7861
40 33 13.9341 14.3471 37.2603 31.4907
41 34 15.2968 12.8844 37.2039 33.9623
39 31 19.9001 1.99667 37.2008 33.9595
26 44 14.297 18.0165 37.1876 41.577
39 30 14.297 18.0165 37.1826 29.3955
42 34 13.9341 14.3471 37.148 33.9114
40 30 18.4212 7.78837 37.1042 33.8713
26 45 19.8859 16.7497 37.0881 47.8805
22 0 16.5067 11.2928 37.0502 26.1985
39 30 13.9341 14.3471 37.0459 29.2874
30 4 12.4322 15.6665 37.0436 26.1938
25 44 19.8859 16.7497 37.0381 41.4099
42 35 16.0243 16.4992 37.033 37.033
43 37 17.5517 9.58851 37.0229 41.3928
42 33 12.4322 15.6665 36.979 31.253
24 44 21.4587 14.6807 36.9533 41.315
41 31 19.9001 1.99667 36.8735 36.8735
40 31 14.297 18.0165 36.8413 31.1366
43 36 13.9341 14.3471 36.8353 36.8353
25 45 21.4587 14.6807 36.835 41.1827
25 45 18.9827 12.9868 36.835 41.1827
42 35 26.4749 27.2595 36.7705 47.4706
6 2 12.4322 15.6665 36.7198 25.9648
39 30 25.4817 5.1654 36.6782 36.6782
40 31 22.8851 2.29617 36.6568 36.6568
45 39 16.5067 11.2928 36.6024 47.2535
39 32 16.0243 16.4992 36.5525 30.8925
43 37 17.5914 14.817 36.5489 40.8629
39 31 18.1144 18.6513 36.5412 33.3574
41 31 20 0 36.5392 36.5392
41 33 16.0243 16.4992 36.5034 33.3229
42 34 14.297 18.0165 36.4698 33.2922
39 31 12.4322 15.6665 36.4074 27.1364
46 38 12.4322 15.6665 36.4 46.9922
40 30 21.9727 6.79697 36.3912 36.3912
42 34 12.4322 15.6665 36.3834 30.7496
42 36 17.5914 14.817 36.3529 36.3529
40 31 23 0 36.3225 36.3225
31 6 12.4322 15.6665 36.3214 25.6831
24 45 17.5517 9.58851 36.3108 36.3108
43 35 14.297 18.0165 36.3086 36.3086
42 36 16.5067 11.2928 36.302 36.302
39 29 12.4322 15.6665 36.2822 27.0432
42 34 18.1144 18.6513 36.2603 36.2603
41 36 17.5517 9.58851 36.2102 36.2102
44 37 15.2968 12.8844 36.1962 40.4686
45 38 16.5067 11.2928 36.1899 46.7209
40 32 18.1144 18.6513 36.1889 33.0358
25 44 24.475 20.615 36.1634 46.6868
42 36 17.5517 9.58851 36.1473 36.1473
41 32 18.0267 22.7165 36.1409 36.1409
44 39 19.6013 3.97339 36.1249 46.6371
44 38 18.4212 7.78837 36.1001 46.605
44 38 20.1844 11.0268 36.1001 46.605
44 38 21.1844 8.95662 36.1001 46.605
23 1 16.5067 11.2928 36.0812 25.5133
42 35 20.2045 20.8033 36.0394 40.2933
45 37 12.4322 15.6665 35.9955 40.2442
43 36 15.2968 12.8844 35.9606 35.9606
5 2 12.4322 15.6665 35.9445 25.4166
48 19 13.9341 14.3471 35.9355 56.8189
42 35 17.5914 14.817 35.8924 35.8924
40 30 19.1067 5.9104 35.8525 35.8525
42 36 19.8859 16.7497 35.8362 40.066
31 5 12.4322 15.6665 35.78 25.3003
39 29 18.4212 7.78837 35.7155 32.6037
31 5 20 0 35.7047 25.2471
45 38 16.0243 16.4992 35.6426 46.0143
41 33 13.9341 14.3471 35.6378 30.1194
44 39 21.9727 6.79697 35.6252 45.992
44 39 19.1067 5.9104 35.6252 45.992
25 44 21.4587 14.6807 35.6163 39.8202
26 45 15.2968 12.8844 35.5854 39.7857
39 31 16.1619 20.3665 35.5673 30.0599
38 30 19.1067 5.9104 35.5545 30.049
39 32 18.1144 18.6513 35.5079 32.4141
39 32 15.2968 12.8844 35.4738 29.9808
40 31 19.9001 1.99667 35.4528 35.4528
40 31 18.0267 22.7165 35.4371 32.3495
42 35 18.1144 18.6513 35.4334 35.4334
23 0 16.5067 11.2928 35.4316 25.0539
40 33 15.2968 12.8844 35.4004 29.9188
30 5 14.297 18.0165 35.396 25.0287
41 30 19.1067 5.9104 35.3762 35.3762
45 39 24.8387 7.68353 35.3696 55.9242
45 39 23.9476 10.1249 35.3696 55.9242
45 39 22.8171 12.4651 35.3696 55.9242
42 35 19.8859 16.7497 35.3694 39.5442
40 31 19.8915 25.0665 35.3677 35.3677
23 43 16.5067 11.2928 35.339 32.26
41 34 16.0243 16.4992 35.3242 32.2465
41 31 19.6013 3.97339 35.3141 35.3141
24 43 13.9341 14.3471 35.3099 35.3099
40 29 18.4212 7.78837 35.2674 32.1946
39 30 21.9727 6.79697 35.2586 35.2586
40 33 18.1144 18.6513 35.2358 32.1658
44 36 14.297 18.0165 35.2273 39.3853
41 34 17.5914 14.817 35.1978 35.1978
26 46 16.5067 11.2928 35.1825 39.3352
40 31 13.9341 14.3471 35.1696 29.7238
29 3 12.4322 15.6665 35.1522 24.8564
38 30 22.5415 4.56939 35.1321 32.0711
40 34 15.2968 12.8844 35.1067 29.6706
40 31 22.5415 4.56939 35.0974 35.0974
44 37 16.0243 16.4992 35.0712 39.2108
44 38 17.5517 9.58851 35.0585 39.1966
41 33 18.0267 22.7165 35.0527 35.0527
39 31 19.6013 3.97339 35.0453 31.9918
45 38 15.2968 12.8844 35.0351 45.2301
38 29 12.4322 15.6665 35.0175 24.7611
39 31 26 0 34.9906 34.9906
43 36 22.1804 18.6823 34.9767 45.1548
42 36 18.9827 12.9868 34.9467 39.0716
42 36 21.4587 14.6807 34.9467 39.0716
44 38 21.4587 14.6807 34.9453 45.1142
44 38 18.9827 12.9868 34.9453 45.1142
39 31 18.0267 22.7165 34.9249 31.8819
44 37 16.5067 11.2928 34.8413 38.9537
42 34 16.0243 16.4992 34.8378 34.8378
48 3 13.9341 14.3471 34.8254 55.0639
24 44 17.5914 14.817 34.7997 38.9072
43 38 21.9727 6.79697 34.7941 44.9189
44 39 19.9001 1.99667 34.7758 44.8953
44 39 20 0 34.7758 44.8953
25 45 15.2968 12.8844 34.7714 38.8757
44 38 21.9727 6.79697 34.7509 44.8632
44 38 19.1067 5.9104 34.7509 44.8632
42 30 18.4212 7.78837 34.7475 34.7475
43 37 15.2968 12.8844 34.7475 34.7475
41 32 20 0 34.7197 34.7197
27 45 13.9341 14.3471 34.6721 38.7645
40 30 16.1619 20.3665 34.6651 31.6448
39 30 19.9001 1.99667 34.6364 31.6186
45 39 22.5415 4.56939 34.6256 54.7479
45 39 22.8851 2.29617 34.6256 54.7479
45 39 23 0 34.6256 54.7479
26 45 16.0243 16.4992 34.6013 44.6701
43 35 12.4322 15.6665 34.5871 31.5736
5 0 12.4322 15.6665 34.5832 24.454
39 33 15.2968 12.8844 34.5528 29.2024
24 0 15.2968 12.8844 34.5086 24.4013
40 32 14.297 18.0165 34.4936 29.1524
44 39 18.4212 7.78837 34.4704 44.5011
44 39 21.1844 8.95662 34.4704 44.5011
44 39 20.1844 11.0268 34.4704 44.5011
43 38 20.1844 11.0268 34.4535 38.5202
43 38 21.1844 8.95662 34.4535 38.5202
42 33 14.297 18.0165 34.4478 31.4464
44 38 19.8859 16.7497 34.4456 44.4691
39 31 14.297 18.0165 34.4203 27.2117
26 45 20.2045 20.8033 34.4077 44.4201
26 45 18.1144 18.6513 34.4077 44.4201
26 45 22.1804 18.6823 34.4077 44.4201
42 36 26.4107 18.0686 34.354 44.3508
43 35 21.7563 27.4164 34.2968 44.277
25 43 14.297 18.0165 34.2841 38.3308
40 31 20 0 34.253 34.253
41 30 18.4212 7.78837 34.252 34.252
39 29 14.297 18.0165 34.2469 27.0745
43 31 19.6013 3.97339 34.2033 38.2404
45 38 23.9347 16.3746 34.194 54.0655
45 38 24.475 20.615 34.194 54.0655
25 43 13.9341 14.3471 34.1671 34.1671
42 31 22.5415 4.56939 34.1625 38.1948
42 35 14.297 18.0165 34.157 31.1809
24 43 15.2968 12.8844 34.1554 31.1795
43 36 17.5914 14.817 34.1512 38.1822
40 32 23 0 34.1465 34.1465
23 44 20.1844 11.0268 34.1288 34.1288
38 29 18.4212 7.78837 34.1149 28.8323
27 46 15.2968 12.8844 34.1137 44.0406
25 1 15.2968 12.8844 34.1001 24.1124
26 43 12.4322 15.6665 34.086 34.086
25 42 12.4322 15.6665 34.0832 34.0832
30 5 20 0 34.0735 24.0936
39 29 16.1619 20.3665 34.0692 28.7937
43 39 21.9727 6.79697 34.0675 43.9809
42 34 16.1619 20.3665 34.0623 34.0623
20 7 12.4322 15.6665 34.0518 24.0783
40 34 17.5914 14.817 34.0482 31.0816
38 29 19.1067 5.9104 34.0124 28.7457
38 30 19.6013 3.97339 33.9971 31.0349
43 35 13.9341 14.3471 33.9763 33.9763
38 28 12.4322 15.6665 33.9594 24.0129
44 36 12.4322 15.6665 33.9525 33.9525
40 33 20.2045 20.8033 33.9457 33.9457
43 39 19.6013 3.97339 33.9196 37.9233
44 37 19.8859 16.7497 33.9183 43.7883
26 44 16.0243 16.4992 33.8815 37.8807
20 7 14.297 18.0165 33.8667 23.9474
26 45 23.9347 16.3746 33.8663 43.7212
25 45 23.9347 16.3746 33.8565 43.7086
44 38 15.2968 12.8844 33.8399 37.8341
39 30 27.3508 34.4664 33.836 37.8298
27 46 13.9341 14.3471 33.8332 43.6785
43 31 20 0 33.8295 37.8225
27 45 16.0243 16.4992 33.8272 43.6708
39 31 22.8851 2.29617 33.8203 33.8203
39 29 18.0267 22.7165 33.8202 30.8735
41 35 16.5067 11.2928 33.8192 30.8726
42 37 16.5067 11.2928 33.811 33.811
31 6 26.4107 18.0686 33.7908 26.714
42 31 23 0 33.7887 37.7769
42 39 19.9001 1.99667 33.7887 37.7769
23 44 16.5067 11.2928 33.7824 33.7824
41 32 16.1619 20.3665 33.7237 30.7854
39 30 21.7563 27.4164 33.7199 33.7199
30 6 21.4587 14.6807 33.6962 23.8268
23 0 15.2968 12.8844 33.692 23.8238
38 31 22.8851 2.29617 33.6871 30.752
25 44 18.1144 18.6513 33.6766 43.4764
25 44 22.1804 18.6823 33.6766 43.4764
25 44 20.2045 20.8033 33.6766 43.4764
43 37 21.4587 14.6807 33.6552 37.6277
43 37 18.9827 12.9868 33.6552 37.6277
24 1 16.5067 11.2928 33.6275 23.7782
43 38 18.4212 7.78837 33.6246 37.5935
41 31 19.1067 5.9104 33.6212 33.6212
22 1 16.5067 11.2928 33.6109 23.7665
45 38 13.9341 14.3471 33.6001 37.5661
42 37 20.1844 11.0268 33.5995 37.5654
42 37 21.1844 8.95662 33.5995 37.5654
41 32 19.9001 1.99667 33.5988 33.5988
39 29 20.1844 11.0268 33.5919 30.6651
41 35 21.4587 14.6807 33.5738 37.5366
43 36 16.5067 11.2928 33.5718 37.5344
43 36 19.8859 16.7497 33.5596 37.5207
24 43 16.0243 16.4992 33.5592 37.5203
44 40 19.9001 1.99667 33.5385 43.298
44 40 20 0 33.5385 43.298
29 5 17.5517 9.58851 33.5362 23.7136
41 33 16.1619 20.3665 33.5349 30.613
24 44 19.8859 16.7497 33.5212 37.4778
6 3 13.9341 14.3471 33.5208 23.7028
38 30 18.1144 18.6513 33.5069 28.3185
40 32 24.3847 25.1075 33.5061 37.461
40 30 14.297 18.0165 33.5042 28.3162
28 2 12.4322 15.6665 33.4971 23.686
44 31 17.5517 9.58851 33.4952 37.4488
29 4 12.4322 15.6665 33.4894 23.6806
24 45 16.5067 11.2928 33.4563 37.4052
45 38 22.8171 12.4651 33.4501 52.8892
45 38 23.9476 10.1249 33.4501 52.8892
45 38 24.8387 7.68353 33.4501 52.8892
41 35 17.5517 9.58851 33.4345 33.4345
44 39 16.5067 11.2928 33.4286 37.3743
42 35 12.4322 15.6665 33.4117 28.2381
29 4 14.297 18.0165 33.3996 23.617
43 39 19.9001 1.99667 33.3935 37.3351
42 39 19.6013 3.97339 33.3559 37.2931
44 38 13.9341 14.3471 33.3387 37.2738
24 1 15.2968 12.8844 33.3303 23.5681
45 40 23 0 33.3185 52.6812
45 40 22.8851 2.29617 33.3185 52.6812
45 40 22.5415 4.56939 33.3185 52.6812
30 5 23 0 33.3019 24.8218
43 39 19.1067 5.9104 33.2982 37.2285
40 31 19.6013 3.97339 33.2664 33.2664
45 39 21.1844 8.95662 33.2611 42.9399
45 39 17.5517 9.58851 33.2611 42.9399
45 39 20.1844 11.0268 33.2611 42.9399
45 39 18.4212 7.78837 33.2611 42.9399
39 32 20 0 33.2555 30.358
23 43 15.2968 12.8844 33.2517 30.3545
42 30 17.5517 9.58851 33.2305 33.2305
46 37 12.4322 15.6665 33.2135 42.8784
43 36 16.0243 16.4992 33.1972 33.1972
38 30 16.0243 16.4992 33.1908 26.2396
42 32 12.4322 15.6665 33.1878 28.0488
42 35 25.486 32.1164 33.1669 42.8183
45 38 12.4322 15.6665 33.1475 37.06
42 35 22.1804 18.6823 33.1458 37.0581
24 42 12.4322 15.6665 33.144 33.144
26 46 21.4587 14.6807 33.1251 42.7643
26 46 18.9827 12.9868 33.1251 42.7643
26 46 17.5914 14.817 33.1251 42.7643
40 32 20.2045 20.8033 33.1045 33.1045
43 38 19.1067 5.9104 33.0985 37.0053
30 4 14.297 18.0165 33.0863 23.3956
19 6 12.4322 15.6665 33.0416 23.3639
21 0 16.5067 11.2928 33.0372 23.3608
23 2 17.5517 9.58851 33.026 23.3529
40 32 22.8851 2.29617 33.0256 33.0256
43 36 14.297 18.0165 33.0246 33.0246
44 31 16.5067 11.2928 33.0107 36.907
0 29 23 0 33.0097 23.3414
23 44 17.5517 9.58851 32.999 30.1239
41 34 14.297 18.0165 32.9711 30.0984
40 32 18.0267 22.7165 32.965 30.0928
41 34 12.4322 15.6665 32.9595 27.8559
41 37 17.5517 9.58851 32.9549 32.9549
6 2 16.1619 20.3665 32.9429 23.2941
40 29 17.5517 9.58851 32.9414 30.0713
30 5 21.4587 14.6807 32.9385 23.291
38 32 15.2968 12.8844 32.9187 26.0245
41 36 15.2968 12.8844 32.915 30.0471
40 34 16.5067 11.2928 32.9141 30.0463
38 30 21.9727 6.79697 32.8946 30.0285
25 44 12.4322 15.6665 32.8725 36.7525
39 29 19.1067 5.9104 32.8373 29.9763
31 5 22.1804 18.6823 32.8299 24.47
6 1 16.1619 20.3665 32.8279 23.2128
41 31 22.5415 4.56939 32.8257 36.7002
42 34 25.486 32.1164 32.8251 42.3771
40 30 27.7048 8.57009 32.824 36.6984
26 45 26.4107 18.0686 32.8217 42.3727
40 30 22.5415 4.56939 32.8208 32.8208
30 5 47 0 32.8193 32.8193
42 31 19.6013 3.97339 32.8131 36.6862
6 1 14.297 18.0165 32.8052 23.1968
5 3 13.9341 14.3471 32.8026 23.1949
24 44 18.9827 12.9868 32.7935 32.7935
42 31 18.4212 7.78837 32.7854 32.7854
44 37 20.2045 20.8033 32.7635 42.2975
44 37 22.1804 18.6823 32.7635 42.2975
22 1 17.5517 9.58851 32.7565 23.1623
26 43 14.297 18.0165 32.7325 36.5961
6 5 17.5914 14.817 32.7304 23.1439
24 45 22.8171 12.4651 32.728 36.591
43 34 14.297 18.0165 32.7131 32.7131
31 5 26 0 32.683 25.8382
41 35 18.9827 12.9868 32.6822 32.6822
43 31 19.9001 1.99667 32.6807 36.5381
25 43 16.0243 16.4992 32.6629 36.5182
41 31 26 0 32.6575 36.5122
42 31 22.8851 2.29617 32.6399 36.4925
43 37 13.9341 14.3471 32.6396 32.6396
41 34 20.2045 20.8033 32.6389 32.6389
42 39 20 0 32.6203 36.4706
24 2 17.5517 9.58851 32.6041 23.0546
26 46 22.8171 12.4651 32.5837 42.0654
40 30 18.0267 22.7165 32.5736 29.7355
31 6 14.297 18.0165 32.5697 23.0303
43 35 18.1144 18.6513 32.5623 36.4058
24 42 14.297 18.0165 32.549 32.549
26 45 24.475 20.615 32.5412 42.0105
26 44 20.2045 20.8033 32.5185 41.9812
26 44 18.1144 18.6513 32.5185 41.9812
26 44 22.1804 18.6823 32.5185 41.9812
48 2 13.9341 14.3471 32.5088 51.4009
41 30 21.1844 8.95662 32.5045 32.5045
41 30 20.1844 11.0268 32.5045 32.5045
20 9 16.5067 11.2928 32.5013 22.9819
41 31 25.8701 2.59567 32.4906 36.3256
30 5 26 0 32.4822 25.6794
24 43 19.8859 16.7497 32.4775 36.311
42 38 19.1067 5.9104 32.4737 36.3067
22 9 12.4322 15.6665 32.4713 22.9606
44 36 16.0243 16.4992 32.4635 36.2953
43 31 19.1067 5.9104 32.4598 36.2912
46 38 13.9341 14.3471 32.4512 41.8944
38 29 18.0267 22.7165 32.4482 27.4237
43 37 21.9727 6.79697 32.4363 41.8751
41 35 13.9341 14.3471 32.4319 27.41
47 19 19.1067 5.9104 32.4246 51.2678
47 19 20.1844 11.0268 32.4246 51.2678
47 19 17.5517 9.58851 32.4246 51.2678
47 19 21.9727 6.79697 32.4246 51.2678
47 19 24.8387 7.68353 32.4246 51.2678
47 19 18.4212 7.78837 32.4246 51.2678
47 19 21.1844 8.95662 32.4246 51.2678
47 19 23.9476 10.1249 32.4246 51.2678
47 19 21.4587 14.6807 32.4246 51.2678
47 19 22.8171 12.4651 32.4246 51.2678
47 19 16.5067 11.2928 32.4246 51.2678
47 19 18.9827 12.9868 32.4246 51.2678
28 5 26 0 32.4236 24.1671
45 37 13.9341 14.3471 32.4232 36.2502
24 2 16.5067 11.2928 32.4038 22.9129
44 36 13.9341 14.3471 32.3993 36.2235
44 40 19.6013 3.97339 32.3837 41.8072
45 37 16.0243 16.4992 32.377 41.7985
43 40 19.9001 1.99667 32.3618 36.1815
43 36 12.4322 15.6665 32.3607 29.5411
28 6 18.4212 7.78837 32.3524 22.8766
40 30 30.5708 9.45665 32.3374 36.1543
43 36 21.7563 27.4164 32.3329 41.7416
27 46 16.0243 16.4992 32.3289 41.7365
31 4 22.1804 18.6823 32.3278 24.0957
24 45 20.1844 11.0268 32.319 32.319
45 39 19.1067 5.9104 32.304 41.7042
45 38 19.8859 16.7497 32.3013 41.7008
43 37 21.1844 8.95662 32.3003 36.1128
43 37 20.1844 11.0268 32.3003 36.1128
43 36 18.1144 18.6513 32.2841 36.0947
29 3 14.297 18.0165 32.2707 22.8189
38 31 20 0 32.2703 29.4586
30 6 17.5517 9.58851 32.2593 22.8108
24 44 20.1844 11.0268 32.2545 32.2545
27 46 18.9827 12.9868 32.2472 41.631
27 46 17.5914 14.817 32.2472 41.631
27 46 21.4587 14.6807 32.2472 41.631
25 44 16.5067 11.2928 32.2397 32.2397
40 33 12.4322 15.6665 32.2375 25.486
37 31 20 0 32.235 27.2436
5 2 13.9341 14.3471 32.2304 22.7903
42 34 26.4749 27.2595 32.2177 41.5928
41 37 18.4212 7.78837 32.2159 32.2159
48 1 12.4322 15.6665 32.1853 50.8894
48 1 14.297 18.0165 32.1853 50.8894
42 40 20 0 32.1722 35.9696
42 37 18.9827 12.9868 32.1667 35.9634
42 37 21.4587 14.6807 32.1667 35.9634
37 30 13.9341 14.3471 32.1516 23.9644
24 44 23.9347 16.3746 32.1477 35.9423
18 7 15.2968 12.8844 32.1434 22.7288
30 6 12.4322 15.6665 32.1344 22.7225
25 45 26.4107 18.0686 32.1148 41.46
42 36 21.1844 8.95662 32.1082 35.8981
42 36 20.1844 11.0268 32.1082 35.8981
40 30 31.3621 6.35742 32.1027 35.8919
40 30 28.4219 5.76141 32.1027 35.8919
40 32 19.8915 25.0665 32.088 32.088
48 2 14.297 18.0165 32.0819 50.7259
48 2 12.4322 15.6665 32.0819 50.7259
41 33 20.2045 20.8033 32.0772 32.0772
39 29 23.9476 10.1249 32.0739 32.0739
29 5 29 0 32.0654 25.3499
42 38 18.4212 7.78837 32.0526 32.0526
42 34 20.2045 20.8033 32.048 35.8307
43 39 25.8701 2.59567 32.0442 41.3688
38 31 15.2968 12.8844 32.0431 25.3323
47 17 12.4322 15.6665 32.0331 41.3545
41 36 18.4212 7.78837 32.0323 32.0323
26 1 13.9341 14.3471 32.0314 22.6496
42 32 23 0 32.0183 35.7976
44 37 18.9827 12.9868 31.9898 41.2987
44 37 21.4587 14.6807 31.9898 41.2987
38 31 20.2045 20.8033 31.9898 29.2025
5 3 12.4322 15.6665 31.9868 22.6181
46 18 16.5067 11.2928 31.9622 41.263
43 31 18.4212 7.78837 31.9538 35.7254
38 29 16.1619 20.3665 31.9437 25.2537
32 5 23 0 31.9395 25.2504
43 39 20 0 31.927 35.6955
41 36 18.9827 12.9868 31.921 31.921
38 29 14.297 18.0165 31.9124 23.7861
41 36 21.4587 14.6807 31.8939 35.6585
29 5 20 0 31.8877 22.548
38 30 22.8851 2.29617 31.8858 29.1076
5 1 14.297 18.0165 31.8857 22.5466
39 29 24.8387 7.68353 31.864 31.864
41 31 22.8851 2.29617 31.8438 35.6024
32 7 21.4587 14.6807 31.8367 23.7297
43 37 22.1804 18.6823 31.8359 41.1
42 31 19.9001 1.99667 31.8312 35.5884
19 6 14.297 18.0165 31.8257 22.5042
43 32 20 0 31.8202 35.5761
42 39 25.8701 2.59567 31.77 41.0149
46 39 13.9341 14.3471 31.7596 41.0015
25 2 16.5067 11.2928 31.7548 22.4541
25 0 13.9341 14.3471 31.7411 22.4443
43 36 17.5517 9.58851 31.7392 35.4855
27 6 18.4212 7.78837 31.7312 22.4374
14 15 43.7802 4.39267 31.7265 23.6476
31 5 14.297 18.0165 31.7152 22.426
41 34 19.8859 16.7497 31.715 31.715
6 3 16.0243 16.4992 31.7141 22.4253
29 2 12.4322 15.6665 31.7108 22.4229
42 36 26.4749 27.2595 31.7102 40.9377
43 38 26.7108 11.2931 31.7035 40.9291
38 30 18.0267 22.7165 31.701 26.7922
25 3 17.5517 9.58851 31.6961 22.4125
45 38 17.5914 14.817 31.6938 40.9165
43 37 19.8859 16.7497 31.6914 35.432
31 5 19.8859 16.7497 31.69 22.4082
25 2 15.2968 12.8844 31.6879 22.4067
25 46 17.5517 9.58851 31.6875 35.4277
37 27 12.4322 15.6665 31.6734 22.3965
6 3 12.4322 15.6665 31.67 22.3941
42 37 18.4212 7.78837 31.6601 31.6601
41 32 23.6212 29.7664 31.658 35.3947
38 30 28.4219 5.76141 31.6476 31.6476
45 36 12.4322 15.6665 31.6347 35.3687
22 0 18.9827 12.9868 31.5913 22.3384
45 40 19.6013 3.97339 31.5864 40.7779
27 46 16.5067 11.2928 31.5757 35.3027
38 31 19.9001 1.99667 31.574 28.823
25 45 28.0826 15.3416 31.5734 40.7611
25 45 30.7154 16.7799 31.5734 40.7611
43 39 25.4817 5.1654 31.5444 40.7237
26 46 25.4499 13.9033 31.5391 40.7169
43 40 20 0 31.5329 35.2548
38 31 22.5415 4.56939 31.5316 28.7842
38 29 13.9341 14.3471 31.5169 23.4913
44 37 17.5914 14.817 31.4989 35.2169
38 31 18.1144 18.6513 31.4961 26.6191
38 32 17.5914 14.817 31.4933 26.6167
33 5 20 0 31.4912 23.4722
38 30 20.2045 20.8033 31.4885 28.7449
41 31 23 0 31.4843 35.2005
47 1 12.4322 15.6665 31.4838 40.6454
41 36 17.5914 14.817 31.4726 31.4726
42 31 20 0 31.4717 35.1865
42 36 16.0243 16.4992 31.4662 31.4662
41 34 24.475 20.615 31.4503 35.1625
44 37 14.297 18.0165 31.4492 35.1612
41 33 24.3847 25.1075 31.444 35.1554
43 35 16.0243 16.4992 31.4402 31.4402
42 33 16.1619 20.3665 31.4392 31.4392
37 30 19.6013 3.97339 31.4346 26.5671
41 32 23 0 31.4139 35.1218
41 30 27.7048 8.57009 31.4085 35.1158
27 46 33.3481 18.2182 31.4058 49.6569
27 46 33.8388 23.1503 31.4058 49.6569
27 46 26.4107 18.0686 31.4058 49.6569
27 46 26.7695 22.5476 31.4058 49.6569
27 46 29.064 24.4803 31.4058 49.6569
30 5 16.5067 11.2928 31.3993 22.2027
31 4 19.8859 16.7497 31.3945 22.1993
39 33 16.5067 11.2928 31.3927 26.5316
25 45 19.8859 16.7497 31.3698 40.4982
39 32 20.2045 20.8033 31.356 28.624
21 8 12.4322 15.6665 31.3484 22.1666
37 28 12.4322 15.6665 31.3479 22.1663
41 30 16.5067 11.2928 31.346 28.6148
28 5 17.5517 9.58851 31.3444 22.1639
23 1 18.9827 12.9868 31.3372 22.1587
6 0 12.4322 15.6665 31.3234 22.149
28 5 22.8171 12.4651 31.3146 22.1428
43 38 20 0 31.2989 34.9932
7 4 16.0243 16.4992 31.2983 22.1313
38 30 22.2946 22.9554 31.295 28.5683
25 43 18.1144 18.6513 31.2924 34.986
42 38 19.6013 3.97339 31.2838 34.9764
42 32 22.8851 2.29617 31.2712 34.9622
39 29 17.5517 9.58851 31.2593 28.5357
24 43 17.5914 14.817 31.2581 31.2581
25 45 22.8171 12.4651 31.2504 34.9391
38 31 17.5914 14.817 31.2483 26.4096
44 31 17.5914 14.817 31.2397 34.927
45 31 13.9341 14.3471 31.2365 34.9235
28 3 14.297 18.0165 31.231 22.0836
39 29 19.8915 25.0665 31.2304 28.5093
42 34 19.8915 25.0665 31.2295 34.9156
24 44 31.3628 21.4564 31.2246 40.3108
24 44 28.8867 19.7625 31.2246 40.3108
45 37 16.1619 20.3665 31.2222 40.3077
40 29 21.1844 8.95662 31.22 31.22
40 29 20.1844 11.0268 31.22 31.22
47 20 20 0 31.2108 49.3487
47 20 22.5415 4.56939 31.2108 49.3487
47 20 19.6013 3.97339 31.2108 49.3487
47 20 22.8851 2.29617 31.2108 49.3487
47 20 19.9001 1.99667 31.2108 49.3487
47 20 23 0 31.2108 49.3487
21 10 20 0 31.2024 22.0634
41 33 22.2946 22.9554 31.1992 34.8818
40 35 16.5067 11.2928 31.1966 28.4785
23 1 17.5517 9.58851 31.1912 22.0555
29 4 29.2157 36.8164 31.1859 24.6546
7 4 13.9341 14.3471 31.1843 22.0506
31 4 23 0 31.1801 23.2403
26 2 15.2968 12.8844 31.1765 22.0451
43 31 17.5517 9.58851 31.1748 34.8545
42 40 19.9001 1.99667 31.1721 34.8515
23 43 17.5914 14.817 31.1643 31.1643
41 32 22.8851 2.29617 31.1636 34.8419
42 39 26 0 31.1626 40.2307
23 12 18.4212 7.78837 31.1611 22.0342
32 6 21.4587 14.6807 31.1557 23.2221
23 42 15.2968 12.8844 31.1549 28.4404
41 30 24.8387 7.68353 31.1516 34.8286
41 36 16.5067 11.2928 31.147 28.4332
27 45 16.1619 20.3665 31.1468 40.2104
44 39 24.8387 7.68353 31.1292 40.1876
44 39 22.8171 12.4651 31.1292 40.1876
44 39 23.9476 10.1249 31.1292 40.1876
31 5 16.5067 11.2928 31.1088 21.9972
31 6 23 0 31.0896 23.1728
30 5 38 0 31.0882 28.3796
38 29 21.9727 6.79697 31.0867 28.3781
43 32 19.9001 1.99667 31.073 34.7407
21 1 17.5517 9.58851 31.0727 21.9717
5 4 17.5914 14.817 31.0611 21.9635
27 45 12.4322 15.6665 31.0599 40.0982
25 43 16.1619 20.3665 31.0495 34.7144
42 38 21.1844 8.95662 31.0409 34.7048
42 38 20.1844 11.0268 31.0409 34.7048
33 6 17.5914 14.817 31.0321 21.943
41 31 18.0267 22.7165 31.0242 31.0242
30 5 17.5517 9.58851 31.0126 21.9292
41 35 19.8859 16.7497 31.0091 31.0091
43 31 21.1844 8.95662 30.9926 34.6508
43 31 20.1844 11.0268 30.9926 34.6508
7 2 16.1619 20.3665 30.9898 21.9131
38 28 14.297 18.0165 30.9796 23.0908
42 38 17.5517 9.58851 30.9626 30.9626
44 31 25.4817 5.1654 30.9542 39.9617
45 31 21.9727 6.79697 30.9505 39.9569
45 31 19.1067 5.9104 30.9505 39.9569
42 30 24.8387 7.68353 30.9494 34.6024
45 37 15.2968 12.8844 30.9411 39.9447
20 8 13.9341 14.3471 30.9372 21.8759
44 37 21.9727 6.79697 30.9341 39.9358
41 30 23.9476 10.1249 30.9013 34.5487
21 0 17.5517 9.58851 30.9004 21.8499
27 45 14.297 18.0165 30.8663 39.8482
24 43 20.2045 20.8033 30.8641 34.5071
46 39 21.9727 6.79697 30.8405 48.763
46 39 17.5914 14.817 30.8405 48.763
46 39 21.4587 14.6807 30.8405 48.763
46 39 18.9827 12.9868 30.8405 48.763
46 39 22.8171 12.4651 30.8405 48.763
46 39 20.1844 11.0268 30.8405 48.763
46 39 17.5517 9.58851 30.8405 48.763
46 39 23.9476 10.1249 30.8405 48.763
46 39 21.1844 8.95662 30.8405 48.763
46 39 18.4212 7.78837 30.8405 48.763
46 39 24.8387 7.68353 30.8405 48.763
42 40 26 0 30.8152 39.7822
5 0 14.297 18.0165 30.8139 21.7887
31 6 21.4587 14.6807 30.8037 22.9597
43 38 19.6013 3.97339 30.8008 34.4364
46 31 16.5067 11.2928 30.7968 39.7585
41 34 22.1804 18.6823 30.7943 34.4291
39 33 17.5914 14.817 30.7938 28.1107
41 30 19.6013 3.97339 30.7925 30.7925
41 33 21.7563 27.4164 30.788 34.422
6 3 18.1144 18.6513 30.7875 21.7701
24 41 12.4322 15.6665 30.786 28.1036
24 3 17.5517 9.58851 30.7764 21.7622
41 32 19.8915 25.0665 30.7658 30.7658
42 32 22.5415 4.56939 30.7651 34.3965
42 37 19.1067 5.9104 30.761 34.3919
6 2 14.297 18.0165 30.7533 21.7459
32 5 29.064 24.4803 30.7335 25.9745
6 3 20.2045 20.8033 30.7333 21.7317
30 6 20 0 30.7327 21.7313
22 10 20 0 30.7308 21.7299
26 46 20.1844 11.0268 30.7195 34.3455
26 46 21.1844 8.95662 30.7195 34.3455
37 31 19.9001 1.99667 30.7162 25.9599
42 31 24.8387 7.68353 30.7152 34.3407
24 1 18.9827 12.9868 30.7104 21.7155
7 4 18.1144 18.6513 30.7066 21.7128
41 35 18.4212 7.78837 30.6972 30.6972
43 39 26 0 30.695 39.6271
0 29 26 0 30.6946 21.7043
6 4 13.9341 14.3471 30.6821 21.6955
31 5 26.4107 18.0686 30.679 24.2539
42 32 20 0 30.6689 34.2889
40 29 22.8171 12.4651 30.6673 30.6673
26 44 21.7563 27.4164 30.6554 39.576
26 44 19.8915 25.0665 30.6554 39.576
45 31 16.5067 11.2928 30.6496 39.5685
5 4 19.8859 16.7497 30.6459 21.6699
30 3 12.4322 15.6665 30.6416 21.6669
37 30 19.9001 1.99667 30.6397 25.8952
42 34 15.2968 12.8844 30.6343 30.6343
45 40 19.9001 1.99667 30.6293 39.5422
45 40 20 0 30.6293 39.5422
25 43 24.3847 25.1075 30.6293 39.5422
32 5 29 0 30.6283 25.8857
43 34 12.4322 15.6665 30.6267 27.9582
41 34 22.2946 22.9554 30.6255 34.2403
42 37 25.4499 13.9033 30.6166 39.5258
42 37 15.2968 12.8844 30.6111 30.6111
40 29 16.5067 11.2928 30.6104 27.9434
28 2 14.297 18.0165 30.6073 21.6427
27 45 19.8859 16.7497 30.6054 39.5115
43 30 18.4212 7.78837 30.6011 34.2131
37 29 13.9341 14.3471 30.5963 22.8051
33 5 23 0 30.5886 24.1824
32 5 20 0 30.5825 22.7948
43 32 19.6013 3.97339 30.567 34.175
22 42 15.2968 12.8844 30.5559 27.8936
23 0 18.9827 12.9868 30.5554 21.606
43 38 25.4499 13.9033 30.5487 39.4383
42 39 19.1067 5.9104 30.5487 34.1545
26 0 13.9341 14.3471 30.5475 21.6003
23 10 12.4322 15.6665 30.5461 21.5994
26 46 43.2899 18.3027 30.5386 48.2857
26 46 35.9809 19.6564 30.5386 48.2857
26 46 38.6136 21.0947 30.5386 48.2857
24 42 16.0243 16.4992 30.5385 30.5385
42 33 19.8915 25.0665 30.5359 34.1402
46 32 16.5067 11.2928 30.5317 39.4162
44 31 26 0 30.5226 39.4045
26 3 17.5517 9.58851 30.5201 21.581
45 31 20 0 30.5189 39.3997
45 31 19.9001 1.99667 30.5189 39.3997
28 4 17.5517 9.58851 30.508 21.5724
29 6 20 0 30.4908 21.5602
38 31 16.0243 16.4992 30.4902 24.1046
6 4 17.5914 14.817 30.4878 21.5581
43 35 22.2946 22.9554 30.4839 39.3546
40 33 19.8859 16.7497 30.4784 30.4784
43 40 26 0 30.4631 39.3277
24 12 18.4212 7.78837 30.4501 21.5315
27 4 17.5517 9.58851 30.4439 21.5271
31 6 20 0 30.4333 21.5196
27 5 18.4212 7.78837 30.4271 21.5152
42 32 19.9001 1.99667 30.4186 34.0091
19 7 16.0243 16.4992 30.4132 21.5054
19 7 13.9341 14.3471 30.4129 21.5052
0 29 20 0 30.4011 21.4969
0 16 12.4322 15.6665 30.3909 21.4896
43 39 26.7108 11.2931 30.3897 39.2329
21 9 13.9341 14.3471 30.3802 21.482
37 29 16.0243 16.4992 30.3742 24.0129
42 31 19.1067 5.9104 30.3687 33.9533
26 5 18.4212 7.78837 30.3681 21.4735
42 33 18.0267 22.7165 30.3617 30.3617
0 28 12.4322 15.6665 30.3609 21.4684
28 5 23 0 30.3575 21.466
43 38 25.4817 5.1654 30.3544 39.1873
39 32 26 0 30.3479 30.3479
43 30 17.5517 9.58851 30.3406 33.9218
40 33 17.5914 14.817 30.3249 27.6828
47 31 12.4322 15.6665 30.3198 39.1427
43 39 22.5415 4.56939 30.3181 39.1405
12 15 21.9727 6.79697 30.314 21.4352
45 37 14.297 18.0165 30.2981 33.8743
41 35 24.475 20.615 30.2981 33.8743
41 32 26 0 30.2715 33.8446
39 29 21.1844 8.95662 30.2707 30.2707
23 42 13.9341 14.3471 30.2617 27.6251
42 38 26.7108 11.2931 30.2516 39.0547
42 34 21.7563 27.4164 30.2359 33.8047
42 30 16.5067 11.2928 30.2313 30.2313
46 40 20 0 30.2284 47.7954
46 40 23 0 30.2284 47.7954
46 40 22.5415 4.56939 30.2284 47.7954
46 40 19.6013 3.97339 30.2284 47.7954
46 40 22.8851 2.29617 30.2284 47.7954
46 40 19.9001 1.99667 30.2284 47.7954
32 6 12.4322 15.6665 30.2284 21.3747
37 31 17.5914 14.817 30.2188 23.8901
30 6 22.8171 12.4651 30.2084 22.516
20 6 12.4322 15.6665 30.2052 21.3583
42 30 23.9476 10.1249 30.2022 33.7671
25 0 15.2968 12.8844 30.2019 21.3559
30 5 32 0 30.2003 25.5239
44 36 16.1619 20.3665 30.1945 33.7585
41 33 29.2157 36.8164 30.1922 38.9779
24 42 13.9341 14.3471 30.1857 27.5557
41 31 14.297 18.0165 30.1854 27.5554
0 29 13.9341 14.3471 30.1833 21.3428
43 39 18.4212 7.78837 30.1774 33.7393
39 32 17.5914 14.817 30.1764 27.5472
7 2 12.4322 15.6665 30.171 21.3341
19 9 16.5067 11.2928 30.1699 21.3333
44 30 17.5517 9.58851 30.1459 33.7042
32 6 24.475 20.615 30.1438 23.8308
41 38 18.4212 7.78837 30.1351 30.1351
41 30 17.5517 9.58851 30.1323 30.1323
32 5 24.475 20.615 30.1099 23.8039
30 6 31.3628 21.4564 30.1051 25.4435
42 39 25.4817 5.1654 30.0954 38.853
44 31 26.7108 11.2931 30.0915 38.8479
45 31 17.5517 9.58851 30.0878 38.8431
45 31 20.1844 11.0268 30.0878 38.8431
45 31 18.4212 7.78837 30.0878 38.8431
45 31 21.1844 8.95662 30.0878 38.8431
30 6 20.1844 11.0268 30.0714 21.2637
25 46 20.1844 11.0268 30.0711 33.6205
25 46 21.1844 8.95662 30.0711 33.6205
41 30 26.7108 11.2931 30.0694 33.6186
28 6 20 0 30.0638 21.2583
41 32 18.1144 18.6513 30.0604 30.0604
31 7 26.4107 18.0686 30.06 23.7645
39 32 22.2946 22.9554 30.0541 30.0541
7 3 16.1619 20.3665 30.0492 21.248
33 7 17.5914 14.817 30.0374 21.2397
8 5 13.9341 14.3471 30.0326 21.2363
26 44 16.1619 20.3665 30.0317 38.7708
28 47 16.5067 11.2928 30.0308 38.7696
41 35 18.1144 18.6513 30.0234 30.0234
31 6 17.5517 9.58851 30.0195 21.227
19 9 17.5517 9.58851 30.0116 21.2214
42 37 26.7108 11.2931 30.0091 38.7416
7 3 16.0243 16.4992 30.0041 21.2161
40 29 18.9827 12.9868 29.9996 27.3858
43 31 32 0 29.9994 38.7291
43 31 29 0 29.9994 38.7291
46 17 16.0243 16.4992 29.9852 38.7107
33 5 32 0 29.9826 27.3702
40 35 18.9827 12.9868 29.9797 27.3676
41 36 21.1844 8.95662 29.9656 29.9656
41 36 20.1844 11.0268 29.9656 29.9656
25 42 14.297 18.0165 29.9656 29.9656
7 4 20.2045 20.8033 29.961 21.1856
44 35 12.4322 15.6665 29.9592 29.9592
42 31 35 0 29.9487 38.6636
41 39 19.9001 1.99667 29.9471 29.9471
2 5 16.5067 11.2928 29.9363 21.1681
32 7 12.4322 15.6665 29.9309 21.1643
40 33 24.475 20.615 29.9292 33.4618
29 6 22.8171 12.4651 29.9263 22.3058
44 30 16.5067 11.2928 29.9171 33.4483
25 46 22.8171 12.4651 29.9034 38.6051
5 4 24.475 20.615 29.9005 21.1428
29 6 17.5517 9.58851 29.8948 21.1388
0 15 12.4322 15.6665 29.891 21.1361
42 31 21.9727 6.79697 29.8821 33.4092
43 35 22.1804 18.6823 29.8765 38.5704
44 31 15.2968 12.8844 29.8736 33.3997
42 38 20 0 29.8679 33.3933
49 3 22.8851 2.29617 29.8658 66.7819
49 3 19.9001 1.99667 29.8658 66.7819
49 3 20 0 29.8658 66.7819
49 3 47 0 29.8658 66.7819
49 3 44 0 29.8658 66.7819
49 3 41 0 29.8658 66.7819
49 3 23 0 29.8658 66.7819
49 3 26 0 29.8658 66.7819
49 3 29 0 29.8658 66.7819
49 3 32 0 29.8658 66.7819
49 3 35 0 29.8658 66.7819
49 3 38 0 29.8658 66.7819
29 5 26 0 29.8643 23.6098
31 6 20.1844 11.0268 29.8622 21.1158
43 30 21.1844 8.95662 29.854 33.3777
43 30 20.1844 11.0268 29.854 33.3777
22 2 17.5517 9.58851 29.8496 21.1068
40 29 28.0826 15.3416 29.8426 33.365
26 44 18.0267 22.7165 29.8381 38.5208
26 44 22.2946 22.9554 29.8381 38.5208
41 30 25.4817 5.1654 29.8347 33.3562
46 38 14.297 18.0165 29.8312 38.5119
20 10 20 0 29.8288 21.0921
37 31 15.2968 12.8844 29.824 22.2295
42 32 35 0 29.8136 38.4892
43 31 28.4219 5.76141 29.8067 38.4803
43 31 31.3621 6.35742 29.8067 38.4803
41 29 16.5067 11.2928 29.806 27.209
45 32 19.9001 1.99667 29.8001 38.4718
45 32 20 0 29.8001 38.4718
24 44 17.5517 9.58851 29.7986 27.2023
38 31 19.6013 3.97339 29.7764 27.182
26 1 15.2968 12.8844 29.7699 21.0505
5 1 16.1619 20.3665 29.7672 21.0486
1 29 23 0 29.7661 21.0478
42 31 23.9476 10.1249 29.754 33.266
39 34 16.5067 11.2928 29.7445 25.1387
20 0 17.5517 9.58851 29.7286 21.0213
30 5 23.9347 16.3746 29.7194 22.1515
43 35 16.1619 20.3665 29.7171 29.7171
22 1 20.1844 11.0268 29.6954 20.9978
23 2 16.5067 11.2928 29.6903 20.9942
22 0 17.5517 9.58851 29.6888 20.9932
40 29 12.4322 15.6665 29.6872 23.4698
46 31 15.2968 12.8844 29.6869 38.3256
32 6 18.9827 12.9868 29.6855 20.9908
28 1 12.4322 15.6665 29.685 20.9904
25 43 20.2045 20.8033 29.676 33.1788
29 4 16.5067 11.2928 29.6722 20.9814
43 35 20.2045 20.8033 29.6687 33.1706
40 29 30.7154 16.7799 29.6604 33.1613
22 43 16.5067 11.2928 29.6529 27.0693
42 37 17.5914 14.817 29.6472 29.6472
5 4 22.1804 18.6823 29.6458 20.9627
42 38 25.4817 5.1654 29.6442 38.2705
31 5 44 0 29.6397 29.6397
43 35 26.4749 27.2595 29.6302 38.2524
41 35 23.9347 16.3746 29.6281 33.1252
42 38 19.9001 1.99667 29.6137 33.1092
44 31 22.8851 2.29617 29.6007 38.2143
44 31 23 0 29.6007 38.2143
45 37 16.5067 11.2928 29.5919 38.203
25 2 17.5517 9.58851 29.5847 20.9195
6 3 16.1619 20.3665 29.5787 20.9153
48 18 12.4322 15.6665 29.5772 46.7657
48 18 14.297 18.0165 29.5772 46.7657
23 11 18.4212 7.78837 29.5763 20.9136
28 3 12.4322 15.6665 29.5632 20.9043
28 5 20 0 29.5523 20.8966
43 30 15.2968 12.8844 29.5451 29.5451
31 4 20 0 29.5394 20.8875
19 8 16.5067 11.2928 29.5389 20.8872
39 32 26.4749 27.2595 29.5296 33.0151
45 37 24.3847 25.1075 29.5242 46.6819
45 37 23.6212 29.7664 29.5242 46.6819
24 45 18.4212 7.78837 29.5241 26.9517
48 18 13.9341 14.3471 29.4948 46.6353
24 43 24.475 20.615 29.4906 32.9715
30 6 23 0 29.4836 21.9758
47 32 12.4322 15.6665 29.4735 38.0501
38 29 16.0243 16.4992 29.4714 23.2992
4 5 21.4587 14.6807 29.455 20.8278
31 5 35 0 29.454 26.8877
6 4 19.8859 16.7497 29.4468 20.8221
6 3 22.2946 22.9554 29.4454 20.821
38 29 19.8915 25.0665 29.4341 26.8696
33 18 22.8851 2.29617 29.4341 23.2697
46 31 13.9341 14.3471 29.4227 37.9845
21 1 20.1844 11.0268 29.4138 20.7987
46 31 16.0243 16.4992 29.3979 37.9525
44 31 19.1067 5.9104 29.3961 37.9502
44 31 21.9727 6.79697 29.3961 37.9502
32 7 18.9827 12.9868 29.3941 20.7847
41 39 19.6013 3.97339 29.3913 29.3913
30 6 14.297 18.0165 29.3896 20.7816
46 32 15.2968 12.8844 29.3886 37.9406
27 36 22.5415 4.56939 29.3737 20.7703
7 5 17.5914 14.817 29.3675 20.766
37 28 16.1619 20.3665 29.3609 23.2118
3 5 16.5067 11.2928 29.3578 20.7591
39 32 19.8859 16.7497 29.355 26.7973
42 30 20.1844 11.0268 29.3497 32.8139
42 30 21.1844 8.95662 29.3497 32.8139
35 17 19.6013 3.97339 29.3361 23.1922
43 40 25.8701 2.59567 29.3084 37.8369
5 4 26.7695 22.5476 29.2888 20.7103
27 45 20.2045 20.8033 29.2803 37.8007
27 45 22.1804 18.6823 29.2803 37.8007
27 45 18.1144 18.6513 29.2803 37.8007
40 35 17.5517 9.58851 29.2668 26.7168
41 40 20 0 29.2657 29.2657
18 6 13.9341 14.3471 29.2622 20.6915
49 4 41 0 29.262 65.4319
49 4 32 0 29.262 65.4319
49 4 44 0 29.262 65.4319
49 4 29 0 29.262 65.4319
49 4 38 0 29.262 65.4319
49 4 19.9001 1.99667 29.262 65.4319
49 4 26 0 29.262 65.4319
49 4 23 0 29.262 65.4319
49 4 20 0 29.262 65.4319
49 4 22.8851 2.29617 29.262 65.4319
49 4 47 0 29.262 65.4319
49 4 35 0 29.262 65.4319
40 35 15.2968 12.8844 29.2618 24.7308
28 6 26 0 29.2579 21.8076
38 31 26 0 29.2577 29.2577
24 43 22.1804 18.6823 29.2476 32.6998
45 15 14.297 18.0165 29.2469 32.6991
42 30 22.8171 12.4651 29.241 32.6924
43 40 19.6013 3.97339 29.2409 32.6923
29 5 20.1844 11.0268 29.229 20.668
40 34 13.9341 14.3471 29.2204 24.6958
39 32 19.9001 1.99667 29.2175 26.6718
28 46 16.0243 16.4992 29.2134 37.7144
29 6 18.4212 7.78837 29.2048 20.6509
41 37 21.1844 8.95662 29.2038 29.2038
41 37 20.1844 11.0268 29.2038 29.2038
44 31 25.8701 2.59567 29.1961 37.692
7 5 13.9341 14.3471 29.1952 20.6441
38 32 16.5067 11.2928 29.1945 24.6738
45 31 19.6013 3.97339 29.1924 37.6872
30 4 19.8859 16.7497 29.1921 20.6419
1 6 33.3481 18.2182 29.19 20.6405
14 16 22.8851 2.29617 29.1889 20.6397
45 31 15.2968 12.8844 29.1882 37.6818
30 6 26 0 29.1733 23.0635
1 6 16.5067 11.2928 29.1706 20.6267
26 15 25.4817 5.1654 29.1668 20.6241
6 4 18.1144 18.6513 29.1515 20.6132
26 2 16.5067 11.2928 29.1501 20.6122
31 4 12.4322 15.6665 29.1428 20.6071
24 45 21.4587 14.6807 29.1188 32.5558
24 45 18.9827 12.9868 29.1188 32.5558
31 5 21.4587 14.6807 29.1178 21.7031
40 34 18.9827 12.9868 29.1176 26.5807
40 33 16.5067 11.2928 29.1116 26.5752
44 35 14.297 18.0165 29.1115 32.5477
48 4 13.9341 14.3471 29.0898 45.995
47 0 12.4322 15.6665 29.0847 37.5482
43 30 19.1067 5.9104 29.0785 32.5108
40 33 16.1619 20.3665 29.0718 26.5388
44 36 19.8915 25.0665 29.0608 37.5173
44 36 21.7563 27.4164 29.0608 37.5173
24 12 29.2157 36.8164 29.0583 21.6587
46 31 12.4322 15.6665 29.0488 37.5018
48 3 12.4322 15.6665 29.048 45.9289
48 3 14.297 18.0165 29.048 45.9289
32 7 28.8867 19.7625 29.0463 24.5486
44 40 22.5415 4.56939 29.0425 37.4936
31 7 20.1844 11.0268 29.0341 20.5302
10 13 23.9476 10.1249 29.0309 20.5279
40 34 19.8859 16.7497 29.0164 29.0164
27 44 14.297 18.0165 29.0092 32.4333
31 6 18.9827 12.9868 29.0064 20.5106
43 30 16.5067 11.2928 29.0014 32.4246
40 37 18.4212 7.78837 28.9981 26.4715
40 33 22.2946 22.9554 28.9976 28.9976
40 36 17.5517 9.58851 28.9879 26.4622
43 39 23 0 28.969 37.3988
22 11 18.4212 7.78837 28.9583 20.4766
45 32 19.6013 3.97339 28.9374 37.358
44 30 17.5914 14.817 28.9344 32.3497
4 1 12.4322 15.6665 28.9273 20.4547
24 12 21.1844 8.95662 28.9222 20.4511
45 40 23.9476 10.1249 28.905 45.7028
45 40 22.8171 12.4651 28.905 45.7028
45 40 24.8387 7.68353 28.905 45.7028
22 11 21.1844 8.95662 28.8962 20.4327
5 6 18.9827 12.9868 28.8918 20.4296
4 6 21.4587 14.6807 28.89 20.4283
6 3 28.565 29.4116 28.887 20.4262
11 15 21.9727 6.79697 28.8796 20.4209
43 35 24.3847 25.1075 28.8728 37.2746
23 10 20 0 28.8616 20.4083
17 6 15.2968 12.8844 28.8582 20.4058
21 0 18.9827 12.9868 28.8308 20.3865
46 32 13.9341 14.3471 28.8291 37.2182
29 7 18.4212 7.78837 28.8284 20.3848
24 0 16.5067 11.2928 28.8234 20.3812
46 40 23.9476 10.1249 28.8141 45.5592
46 40 21.1844 8.95662 28.8141 45.5592
46 40 18.4212 7.78837 28.8141 45.5592
46 40 24.8387 7.68353 28.8141 45.5592
46 40 21.9727 6.79697 28.8141 45.5592
46 40 19.1067 5.9104 28.8141 45.5592
30 6 25.4499 13.9033 28.8113 22.7773
37 29 19.1067 5.9104 28.7965 24.3375
14 12 16.5067 11.2928 28.7943 20.3606
31 7 12.4322 15.6665 28.7885 20.3565
20 0 20.1844 11.0268 28.7822 20.3521
45 37 24.475 20.615 28.7803 45.5056
45 37 23.9347 16.3746 28.7803 45.5056
26 5 26 0 28.7712 20.3443
21 28 16.0243 16.4992 28.7707 20.344
20 27 16.0243 16.4992 28.7591 20.3357
42 33 18.1144 18.6513 28.7576 28.7576
15 15 18.4212 7.78837 28.7539 20.3321
27 6 20 0 28.7526 20.3312
6 5 19.8859 16.7497 28.748 20.3279
22 43 18.9827 12.9868 28.7423 26.238
25 1 16.5067 11.2928 28.7389 20.3215
30 4 21.4587 14.6807 28.7368 20.32
23 44 18.9827 12.9868 28.7322 28.7322
32 7 17.5517 9.58851 28.7315 20.3162
25 1 13.9341 14.3471 28.7214 20.3091
0 29 12.4322 15.6665 28.7209 20.3087
46 37 14.297 18.0165 28.7174 37.0741
29 6 26 0 28.7048 22.6931
19 7 15.2968 12.8844 28.7026 20.2958
30 4 16.5067 11.2928 28.6994 20.2935
5 5 17.5914 14.817 28.6973 20.2921
2 6 16.5067 11.2928 28.6958 20.291
20 27 13.9341 14.3471 28.6892 20.2863
42 38 25.8701 2.59567 28.6844 37.0313
14 13 16.5067 11.2928 28.6552 20.2623
6 5 15.2968 12.8844 28.6535 20.261
20 6 14.297 18.0165 28.6493 20.2581
0 29 14.297 18.0165 28.6459 20.2557
31 4 26 0 28.6436 22.6447
19 26 13.9341 14.3471 28.6316 20.2456
42 30 21.9727 6.79697 28.6284 32.0075
22 8 12.4322 15.6665 28.6182 20.2361
42 30 19.1067 5.9104 28.6181 31.996
45 30 13.9341 14.3471 28.6046 31.9809
24 44 16.0243 16.4992 28.5953 31.9705
28 46 12.4322 15.6665 28.5931 36.9136
28 7 18.4212 7.78837 28.5925 20.2179
22 1 18.9827 12.9868 28.5869 20.214
26 15 28.4219 5.76141 28.5859 21.3067
38 29 21.1844 8.95662 28.5839 26.0934
0 16 14.297 18.0165 28.5761 20.2064
21 10 16.5067 11.2928 28.5699 20.202
43 30 17.5914 14.817 28.5689 31.941
21 10 15.2968 12.8844 28.5661 20.1993
30 7 21.4587 14.6807 28.5591 20.1943
21 28 18.1144 18.6513 28.5557 20.1919
5 3 19.8859 16.7497 28.5483 20.1867
29 5 23 0 28.5457 21.2767
25 6 19.1067 5.9104 28.5397 20.1806
6 3 24.3847 25.1075 28.5391 20.1802
38 28 16.1619 20.3665 28.5344 22.5584
15 16 37.8102 3.79367 28.5281 20.1724
39 33 19.8859 16.7497 28.514 26.0296
6 0 14.297 18.0165 28.5127 20.1615
14 16 43.7802 4.39267 28.5124 21.2519
28 46 13.9341 14.3471 28.5114 36.8081
28 6 22.8171 12.4651 28.5093 20.1591
29 4 25.486 32.1164 28.5049 21.2463
21 41 15.2968 12.8844 28.5029 24.0893
28 5 29 0 28.4899 22.5232
42 30 17.5914 14.817 28.4861 28.4861
46 38 23.9347 16.3746 28.4786 45.0287
46 38 18.1144 18.6513 28.4786 45.0287
46 38 19.8859 16.7497 28.4786 45.0287
46 38 20.2045 20.8033 28.4786 45.0287
46 38 24.475 20.615 28.4786 45.0287
46 38 22.1804 18.6823 28.4786 45.0287
46 38 22.2946 22.9554 28.4786 45.0287
46 38 18.0267 22.7165 28.4786 45.0287
27 47 16.5067 11.2928 28.4719 36.757
38 28 18.0267 22.7165 28.4686 24.0603
26 4 17.5517 9.58851 28.4633 20.1266
42 32 18.0267 22.7165 28.4517 28.4517
44 30 15.2968 12.8844 28.4499 31.8079
19 8 15.2968 12.8844 28.4489 20.1164
44 30 16.0243 16.4992 28.4419 31.799
23 12 21.1844 8.95662 28.4345 20.1062
29 5 22.8171 12.4651 28.4303 21.1907
28 36 22.5415 4.56939 28.4284 20.1019
6 5 24.475 20.615 28.4228 20.098
44 32 26 0 28.4207 36.691
5 2 26.4749 27.2595 28.4198 20.0958
42 32 19.6013 3.97339 28.4173 31.7716
20 9 15.2968 12.8844 28.4152 20.0926
24 11 29.2157 36.8164 28.4101 21.1757
27 44 12.4322 15.6665 28.4012 31.7536
44 36 15.2968 12.8844 28.4011 31.7534
37 31 23 0 28.3987 25.9244
37 27 16.1619 20.3665 28.392 22.4458
43 30 18.9827 12.9868 28.3867 31.7373
43 30 21.4587 14.6807 28.3867 31.7373
2 6 33.3481 18.2182 28.3828 20.0697
6 4 20.2045 20.8033 28.3738 20.0633
44 40 28.8551 2.89517 28.364 44.8475
44 40 31.8401 3.19467 28.364 44.8475
44 40 34.8251 3.49417 28.364 44.8475
44 40 32 0 28.364 44.8475
44 40 29 0 28.364 44.8475
45 32 19.1067 5.9104 28.353 36.6036
45 32 21.9727 6.79697 28.353 36.6036
1 5 16.5067 11.2928 28.3436 20.0419
0 30 20 0 28.3374 20.0376
30 6 26.4107 18.0686 28.3218 22.3903
4 3 19.8859 16.7497 28.3107 20.0187
29 5 38 0 28.3095 25.843
6 4 16.0243 16.4992 28.3077 20.0166
33 6 19.8859 16.7497 28.3067 21.0985
23 0 17.5914 14.817 28.3019 20.0125
44 36 22.1804 18.6823 28.2871 36.5185
44 36 20.2045 20.8033 28.2871 36.5185
32 6 17.5914 14.817 28.2724 19.9916
14 15 19.1067 5.9104 28.2638 19.9855
46 31 16.1619 20.3665 28.2549 36.4769
23 11 21.1844 8.95662 28.2534 19.9781
25 5 18.4212 7.78837 28.2516 19.9769
27 1 13.9341 14.3471 28.2495 19.9754
39 28 12.4322 15.6665 28.2472 21.0543
44 30 13.9341 14.3471 28.2468 31.5809
40 34 24.475 20.615 28.2461 31.5802
43 34 21.7563 27.4164 28.2458 36.4651
27 2 14.297 18.0165 28.2371 19.9666
42 32 14.297 18.0165 28.2325 25.7726
21 0 20.1844 11.0268 28.231 19.9623
38 29 24.8387 7.68353 28.2309 28.2309
43 32 32 0 28.2054 36.413
43 32 29 0 28.2054 36.413
7 3 12.4322 15.6665 28.1953 19.9371
25 4 18.4212 7.78837 28.1952 19.937
43 32 26 0 28.1935 36.3977
23 2 20.1844 11.0268 28.1891 19.9327
25 2 18.9827 12.9868 28.186 19.9305
24 0 13.9341 14.3471 28.1777 19.9246
43 30 13.9341 14.3471 28.1776 28.1776
13 15 21.9727 6.79697 28.1757 19.9232
29 47 13.9341 14.3471 28.175 44.5486
0 17 14.297 18.0165 28.1749 19.9227
31 6 16.5067 11.2928 28.1743 19.9222
27 5 26 0 28.1661 20.9938
41 39 20 0 28.1649 28.1649
25 46 25.4499 13.9033 28.1616 36.3565
6 4 26.7695 22.5476 28.1436 19.9005
25 43 19.8915 25.0665 28.1425 36.3318
25 43 21.7563 27.4164 28.1425 36.3318
6 6 17.5914 14.817 28.1417 19.8992
7 6 17.5914 14.817 28.1407 19.8985
32 18 34.8251 3.49417 28.14 25.6882
41 36 26.4107 18.0686 28.1395 31.4609
21 7 12.4322 15.6665 28.1383 19.8967
8 5 22.2946 22.9554 28.1227 19.8857
45 16 13.9341 14.3471 28.122 31.4413
16 15 18.4212 7.78837 28.1191 19.8832
6 1 19.8915 25.0665 28.114 19.8796
45 30 12.4322 15.6665 28.112 31.4302
21 9 15.2968 12.8844 28.1096 19.8765
27 3 16.5067 11.2928 28.1084 19.8756
48 1 13.9341 14.3471 28.105 44.438
41 38 19.1067 5.9104 28.1027 28.1027
26 4 25.4499 13.9033 28.0994 19.8692
38 28 17.5517 9.58851 28.0957 23.7452
28 4 16.5067 11.2928 28.0935 19.8651
20 8 16.0243 16.4992 28.0895 19.8623
6 2 24.3847 25.1075 28.0881 19.8613
40 29 21.9727 6.79697 28.0879 28.0879
6 2 13.9341 14.3471 28.0878 19.8611
44 40 23 0 28.0853 36.258
44 40 22.8851 2.29617 28.0853 36.258
13 15 43.7802 4.39267 28.0838 20.9324
1 5 17.5517 9.58851 28.0809 19.8562
0 27 12.4322 15.6665 28.0707 19.849
26 3 16.5067 11.2928 28.0699 19.8484
32 6 28.8867 19.7625 28.0611 23.716
11 14 21.9727 6.79697 28.0606 19.8418
19 7 14.297 18.0165 28.0501 19.8344
5 2 16.0243 16.4992 28.0491 19.8337
24 45 30.7154 16.7799 28.0375 36.1963
24 45 28.0826 15.3416 28.0375 36.1963
0 5 35.9809 19.6564 28.0289 19.8194
23 43 18.9827 12.9868 28.0286 25.5865
8 5 18.1144 18.6513 28.0193 19.8127
41 29 20.1844 11.0268 28.0151 28.0151
41 29 21.1844 8.95662 28.0151 28.0151
25 46 16.5067 11.2928 28.0076 31.3134
3 4 16.5067 11.2928 27.9963 19.7964
33 17 22.5415 4.56939 27.9939 22.1311
27 7 19.1067 5.9104 27.9871 19.7898
45 40 21.9727 6.79697 27.9828 36.1256
45 40 19.1067 5.9104 27.9828 36.1256
5 6 21.4587 14.6807 27.9809 19.7855
40 19 23 0 27.979 27.979
2 29 20 0 27.9765 19.7824
7 1 16.1619 20.3665 27.9757 19.7818
23 9 12.4322 15.6665 27.9592 19.7701
31 6 19.8915 25.0665 27.9586 19.7697
23 44 25.4499 13.9033 27.958 31.258
29 5 16.5067 11.2928 27.9579 19.7692
7 2 14.297 18.0165 27.9565 19.7682
6 5 22.1804 18.6823 27.9543 19.7667
27 1 12.4322 15.6665 27.9538 19.7663
24 45 26.7108 11.2931 27.9513 31.2505
25 43 23.6212 29.7664 27.9489 36.0818
29 5 13.9341 14.3471 27.9488 19.7628
47 32 23 0 27.9352 44.1694
47 32 20 0 27.9352 44.1694
47 32 19.9001 1.99667 27.9352 44.1694
47 32 22.5415 4.56939 27.9352 44.1694
47 32 19.6013 3.97339 27.9352 44.1694
47 32 22.8851 2.29617 27.9352 44.1694
46 32 16.0243 16.4992 27.9272 36.0539
19 7 12.4322 15.6665 27.9216 19.7436
37 32 20 0 27.9197 23.5965
28 46 15.2968 12.8844 27.9184 36.0425
21 9 16.5067 11.2928 27.914 19.7382
29 5 21.4587 14.6807 27.9119 19.7367
5 1 26.4749 27.2595 27.9062 19.7327
43 32 25.8701 2.59567 27.9045 36.0246
22 42 17.5914 14.817 27.8985 25.4677
37 30 22.5415 4.56939 27.8977 25.467
12 14 21.9727 6.79697 27.8943 19.7243
38 32 20 0 27.8888 25.4588
30 4 22.1804 18.6823 27.8829 20.7827
45 37 20.2045 20.8033 27.881 35.9942
31 7 17.5517 9.58851 27.8711 19.7079
28 5 20.1844 11.0268 27.8704 19.7074
29 5 33.8388 23.1503 27.8685 23.5531
18 8 16.5067 11.2928 27.8664 19.7045
39 28 18.9827 12.9868 27.8659 25.438
47 30 12.4322 15.6665 27.8544 35.9598
2 29 23 0 27.8478 19.6914
47 4 19.9001 1.99667 27.8425 44.0229
47 4 20 0 27.8425 44.0229
47 4 22.5415 4.56939 27.8425 44.0229
47 4 19.6013 3.97339 27.8425 44.0229
47 4 22.8851 2.29617 27.8425 44.0229
47 4 23 0 27.8425 44.0229
5 5 24.475 20.615 27.8401 19.686
3 5 21.4587 14.6807 27.8335 19.6813
28 47 17.5914 14.817 27.8314 44.0054
28 47 15.2968 12.8844 27.8314 44.0054
28 47 21.4587 14.6807 27.8314 44.0054
28 47 18.9827 12.9868 27.8314 44.0054
32 6 16.5067 11.2928 27.83 19.6788
39 28 14.297 18.0165 27.8292 22.0009
24 43 12.4322 15.6665 27.8268 27.8268
23 45 18.4212 7.78837 27.8169 25.3933
6 2 22.2946 22.9554 27.8158 19.6688
38 32 19.8859 16.7497 27.8082 25.3853
31 7 25.4499 13.9033 27.8019 21.9793
20 27 18.1144 18.6513 27.7956 19.6545
31 6 33.8388 23.1503 27.7931 25.3715
1 29 20 0 27.7911 19.6512
31 7 21.4587 14.6807 27.7891 20.7127
5 4 15.2968 12.8844 27.7737 19.639
27 45 32.7452 33.7157 27.7721 43.9115
27 45 28.565 29.4116 27.7721 43.9115
27 45 30.6551 31.5637 27.7721 43.9115
40 35 17.5914 14.817 27.7642 25.3452
36 16 19.1067 5.9104 27.7556 21.9427
42 38 21.9727 6.79697 27.7511 31.0267
48 31 13.9341 14.3471 27.7504 43.8772
27 15 37.2425 7.54943 27.7482 23.4515
22 41 15.2968 12.8844 27.7397 23.4443
37 27 14.297 18.0165 27.7391 20.6755
40 36 18.4212 7.78837 27.7384 25.3216
46 32 16.1619 20.3665 27.7355 35.8064
39 33 18.9827 12.9868 27.7346 25.3181
36 28 16.0243 16.4992 27.7228 20.6634
25 5 47 0 27.7165 25.3016
26 6 19.1067 5.9104 27.7081 19.5926
24 2 18.9827 12.9868 27.7071 19.5919
37 30 19.1067 5.9104 27.7064 23.4161
46 31 14.297 18.0165 27.6954 35.7545
32 4 29 0 27.6947 23.4062
0 16 13.9341 14.3471 27.6901 19.5798
7 4 22.2946 22.9554 27.6887 19.5788
14 15 28.8551 2.89517 27.6794 19.5723
27 1 14.297 18.0165 27.6691 19.565
0 5 17.5517 9.58851 27.669 19.565
33 6 22.1804 18.6823 27.6652 21.8712
25 46 18.4212 7.78837 27.6644 27.6644
41 36 23.9347 16.3746 27.6583 30.9229
30 4 47 0 27.6556 27.6556
42 39 21.9727 6.79697 27.6551 30.9193
29 4 17.5517 9.58851 27.6488 19.5507
47 39 13.9341 14.3471 27.6457 43.7117
28 5 18.4212 7.78837 27.6431 19.5466
42 33 21.7563 27.4164 27.6423 30.905
25 1 18.9827 12.9868 27.6412 19.5453
46 38 16.0243 16.4992 27.6347 35.6762
5 2 16.1619 20.3665 27.6334 19.5398
38 28 19.8915 25.0665 27.6279 25.2207
36 29 19.1067 5.9104 27.6259 21.8402
25 46 29.474 12.4614 27.6202 35.6576
40 34 16.0243 16.4992 27.6183 25.2119
8 5 24.3847 25.1075 27.6147 19.5266
29 4 21.4587 14.6807 27.6032 19.5184
13 15 19.1067 5.9104 27.5898 19.509
7 3 24.3847 25.1075 27.5821 19.5035
6 4 24.475 20.615 27.5812 19.5029
1 5 33.3481 18.2182 27.5798 19.5019
24 3 18.4212 7.78837 27.5749 19.4984
41 40 23 0 27.569 30.8231
18 6 15.2968 12.8844 27.5684 19.4938
47 32 13.9341 14.3471 27.5667 43.5867
23 1 20.1844 11.0268 27.5639 19.4906
43 40 22.8851 2.29617 27.5622 35.5826
43 40 23 0 27.5622 35.5826
27 5 32 0 27.5612 21.789
44 32 25.8701 2.59567 27.5579 35.5772
25 1 18.1144 18.6513 27.5452 19.4774
44 40 25.8701 2.59567 27.5411 35.5554
24 2 20.1844 11.0268 27.5403 19.4739
5 2 22.2946 22.9554 27.5399 19.4737
40 39 19.9001 1.99667 27.5317 27.5317
26 2 18.9827 12.9868 27.5169 19.4574
29 6 25.4499 13.9033 27.5124 20.5065
18 7 17.5914 14.817 27.5021 19.4469
7 1 12.4322 15.6665 27.4986 19.4444
44 30 18.1144 18.6513 27.4948 30.7401
15 15 28.8551 2.89517 27.4891 19.4377
5 0 16.1619 20.3665 27.4737 19.4268
5 2 20.2045 20.8033 27.4715 19.4253
45 36 14.297 18.0165 27.4635 30.7051
40 40 20 0 27.4628 27.4628
35 5 20 0 27.4538 21.7041
45 32 16.5067 11.2928 27.4535 35.4424
23 16 28.8551 2.89517 27.4397 19.4028
6 2 16.0243 16.4992 27.4307 19.3964
15 13 16.5067 11.2928 27.4273 19.394
14 12 18.9827 12.9868 27.426 19.3931
26 6 18.4212 7.78837 27.4176 19.3872
29 4 16.1619 20.3665 27.4171 19.3868
25 34 24.8387 7.68353 27.4152 19.3855
1 6 22.8171 12.4651 27.4072 19.3798
47 31 22.8851 2.29617 27.4065 43.3335
47 31 19.6013 3.97339 27.4065 43.3335
47 31 22.5415 4.56939 27.4065 43.3335
47 31 20 0 27.4065 43.3335
47 31 19.9001 1.99667 27.4065 43.3335
47 31 23 0 27.4065 43.3335
6 0 16.1619 20.3665 27.4006 19.3752
32 6 31.3628 21.4564 27.3987 25.0114
5 2 14.297 18.0165 27.3981 19.3734
32 6 23 0 27.3976 21.6597
27 4 20.1844 11.0268 27.3805 19.3609
37 28 14.297 18.0165 27.372 20.4019
41 38 19.6013 3.97339 27.3683 27.3683
38 27 12.4322 15.6665 27.3658 19.3505
29 6 29 0 27.3615 21.6311
26 0 18.0267 22.7165 27.359 19.3457
14 16 22.5415 4.56939 27.3483 19.3382
43 32 28.8551 2.89517 27.3426 35.2992
43 32 31.8401 3.19467 27.3426 35.2992
5 3 16.0243 16.4992 27.3425 19.3341
42 39 22.5415 4.56939 27.3331 30.5594
45 30 14.297 18.0165 27.3309 30.5569
24 41 14.297 18.0165 27.3261 27.3261
4 7 20.1844 11.0268 27.3188 19.3173
29 3 22.1804 18.6823 27.3161 19.3154
41 39 22.8851 2.29617 27.3133 30.5372
41 29 18.4212 7.78837 27.3123 27.3123
32 5 26.7695 22.5476 27.3101 23.0813
33 17 19.6013 3.97339 27.301 20.349
28 6 23 0 27.2977 19.3024
0 5 30.7154 16.7799 27.2912 19.2978
30 4 26.7695 22.5476 27.2822 21.5685
6 4 22.1804 18.6823 27.2747 19.2861
47 33 12.4322 15.6665 27.2711 35.2068
0 17 13.9341 14.3471 27.2709 19.2834
32 7 20.1844 11.0268 27.2708 20.3264
40 19 22.8851 2.29617 27.2635 27.2635
29 4 24.475 20.615 27.2588 20.3175
42 33 13.9341 14.3471 27.2563 24.8815
13 13 16.5067 11.2928 27.2548 19.272
41 29 17.5517 9.58851 27.2526 27.2526
33 7 19.8859 16.7497 27.251 20.3117
45 32 18.4212 7.78837 27.2431 35.1708
45 32 20.1844 11.0268 27.2431 35.1708
45 32 17.5517 9.58851 27.2431 35.1708
45 32 21.1844 8.95662 27.2431 35.1708
3 29 20 0 27.2277 19.2529
11 13 23.9476 10.1249 27.2234 19.2499
30 4 31.3585 26.4129 27.2233 23.0079
24 42 16.1619 20.3665 27.2228 30.4361
25 15 34.3023 6.95343 27.2186 21.5182
21 28 13.9341 14.3471 27.2157 19.2444
41 40 19.9001 1.99667 27.2157 27.2157
42 40 25.8701 2.59567 27.2115 35.1299
27 3 17.5517 9.58851 27.2093 19.2399
48 32 13.9341 14.3471 27.2021 43.0103
31 19 26 0 27.1862 21.4925
4 5 16.5067 11.2928 27.1827 19.2211
7 3 18.1144 18.6513 27.1786 19.2182
6 1 18.0267 22.7165 27.175 19.2156
38 33 16.5067 11.2928 27.175 22.967
22 10 13.9341 14.3471 27.1591 19.2044
27 14 21.9727 6.79697 27.1532 19.2002
23 42 16.0243 16.4992 27.151 27.151
13 16 22.8851 2.29617 27.1387 19.1899
7 3 14.297 18.0165 27.1358 19.1879
44 36 22.2946 22.9554 27.1324 35.0277
18 6 16.0243 16.4992 27.1295 19.1835
8 5 16.0243 16.4992 27.119 19.176
23 41 16.0243 16.4992 27.118 24.7552
24 42 18.1144 18.6513 27.1147 27.1147
22 44 17.5517 9.58851 27.114 24.7516
44 30 12.4322 15.6665 27.1125 27.1125
23 10 25.486 32.1164 27.1081 19.1683
24 11 25.486 32.1164 27.1031 19.1648
24 0 20.2045 20.8033 27.0968 19.1603
6 6 18.9827 12.9868 27.0907 19.156
42 32 29 0 27.0727 34.9507
42 32 32 0 27.0727 34.9507
33 7 26.4107 18.0686 27.0656 22.8746
26 14 21.9727 6.79697 27.0593 19.1338
24 11 23.6212 29.7664 27.0536 19.1298
6 3 14.297 18.0165 27.0514 19.1282
44 32 17.5517 9.58851 27.0443 30.2365
5 3 18.1144 18.6513 27.0438 19.1229
40 29 19.1067 5.9104 27.0431 27.0431
15 16 40.7952 4.09317 27.0417 20.1557
26 7 19.1067 5.9104 27.0382 19.1189
44 17 17.5517 9.58851 27.0373 30.2286
22 42 18.9827 12.9868 27.0365 24.6809
9 14 24.8387 7.68353 27.0304 19.1134
44 16 17.5914 14.817 27.0276 30.2178
23 45 26.7108 11.2931 27.0215 30.2109
0 6 16.5067 11.2928 27.0214 19.107
41 36 22.8171 12.4651 27.0213 30.2107
29 6 23 0 27.0177 20.1378
24 4 18.4212 7.78837 27.0176 19.1043
42 30 22.5415 4.56939 26.9967 30.1832
4 6 23.9347 16.3746 26.9966 19.0894
